# Number, Name, GpsTime, Obs, Triggered, Pastro, IFAR, SNR_H, SNR_L, SNR_V, M1_template, M1_template, XE_template
1  151011_192749  1128626886.6044922  HL  HL  0.24  0.024407519926272336  4.673669815063477  6.829634189605713  -1.0 33.485386861031415 65.56728825494324 0.10966758829049944
2  170425_055334  1177134832.190918  HL  HL  0.37  0.06940663775268431  5.322480201721191  5.775193214416504  -1.0 46.08652243897377 64.99734568309506 0.056786168314469934
3  170623_234223  1182296561.3701172  HL  HL  0.23  0.01925844682499362  5.52388858795166  5.778618812561035  -1.0 18.24690759018824 14.429859431993803 0.1189495791031439
4  170704_202003  1183234821.6201172  HL  HL  0.43  0.04832310609916033  5.066905498504639  6.519252300262451  -1.0 9.998886083091833 13.202581983667018 -0.002318983432164871
5  170722_065503  1184741721.3156738  HL  HL  -1.0  0.8910780633583384  5.044562816619873  7.346311569213867  -1.0 1.6731281138013134 1.3016719520883142 -0.04000896740877491
6  190424_081138  1240128716.762207  HLV  HL  0.25  0.00590073022929109  5.094944000244141  5.508096694946289  -1.0 28.36717508591474 35.08999099027059 0.031302463197578595
7  190426_053949  1240292407.2126465  HLV  HL  0.4  0.014791335547549753  5.171506881713867  6.118642330169678  -1.0 20.68635285959872 20.02721300741691 0.19244110997641523
8  190509_004120  1241397698.7861328  HLV  HL  0.37  0.012563721225919183  4.66041898727417  6.162292957305908  -1.0 30.131218707567033 28.205614171515347 -0.02751320497138104
9  190519_231324  1242342822.0683594  HLV  HL  0.26  0.006945440964734963  5.584272861480713  5.928109169006348  -1.0 6.592171084213405 8.743523897907988 -0.009805780924287444
10  190530_030659  1243220837.9682617  HLV  HL  0.44  0.011882045262049817  5.216359615325928  5.7713398933410645  -1.0 26.323777014646314 45.376600117961544 0.18980959119750537
11  190630_135302  1245938000.4853516  HL  HL  0.26  0.008587144941171621  5.057592868804932  5.759872913360596  -1.0 32.647945374397615 19.20267898844814 0.011674744286786573
12  190704_104834  1246272532.9189453  HLV  HL  0.27  0.01067140137179278  6.992696285247803  5.498373031616211  -1.0 5.030347670290676 5.429491589990241 0.09131683854682504
13  190707_071722  1246519060.1010742  HLV  HL  0.32  0.008582004234092281  5.9878058433532715  5.721972942352295  -1.0 10.653880378373605 14.063826070838909 0.04834025431234988
14  190731_105943  1248606001.7070312  HLV  HV  0.29  0.007077342357379763  6.351306915283203  -1.0  5.192237377166748 39.14838741235217 37.62474855296148 -0.0015178821999449704
15  190808_230535  1249340753.590088  HLV  HL  0.41  0.013438365654377626  4.983068943023682  6.531045436859131  -1.0 13.571995878820452 13.646389512966707 0.1824454032362956
16  190821_050019  1250398837.8759766  HLV  HL  0.31  0.009964814460675214  5.20599365234375  5.62067174911499  -1.0 26.76372838088066 17.014198637421078 -0.05956663558994074
17  191102_232120  1256772098.0239258  HLV  HL  0.22  0.006306064426901952  4.868372440338135  5.877007961273193  -1.0 32.04583401573538 23.061706491313316 -0.027817993125501553
18  191116_022801  1257906499.4238281  HLV  HL  0.22  0.004956006935905283  5.1505126953125  6.419410705566406  -1.0 12.190893226427967 7.4986790041860285 0.1588449319632281
19  191122_214924  1258494582.9665527  HLV  HL  0.24  0.011950652740517374  4.177450656890869  7.282620906829834  -1.0 58.99522105332769 106.68344924359735 0.18651354311791
20  191201_054144  1259214122.4655762  HV  HV  -1.0  0.6585758954568612  7.084672451019287  -1.0  5.77754020690918 2.9984745237888646 9.024712365803428 -0.4370055149719182
21  191208_080334  1259827432.84375  HLV  HL  0.23  0.005412945446136474  5.982082366943359  4.788424015045166  -1.0 26.670147335227124 50.126432764178446 -0.05799373605160005
22  191219_163120  1260808298.4541016  HLV  HL  -1.0  0.30690323211205883  5.010542869567871  7.399205684661865  -1.0 1.7071345176608068 22.682689403395123 -0.5404279046905117
23  200102_095606  1261994184.0498047  HLV  HV  -1.0  0.46542461448001055  8.878679275512695  -1.0  4.060050010681152 123.25775104948066 77.16704938716639 0.1608782065773703
24  200116_082400  1263198258.965088  HLV  HL  0.21  0.0052795521361499904  4.9073100090026855  5.83225154876709  -1.0 20.71606853551218 16.665964439644277 -0.06418547254493479
25  200122_161511  1263744929.3408203  HL  HL  0.27  0.006724897057224656  5.660892009735107  5.741950511932373  -1.0 6.599294430666234 13.14413323363136 0.01062669077583515
26  200205_141704  1264947442.8415527  HL  HL  0.23  0.005424874610126544  5.496370315551758  5.930323600769043  -1.0 10.303899342235207 11.135185330032678 0.165277816063796
27  200220_124850  1266238148.1513672  HL  HL  0.43  0.02513048754145555  6.0498175621032715  5.335230827331543  -1.0 49.43001266983685 65.74625458614915 -0.07819212447840916
28  200301_211019  1267132237.6611328  HL  HL  0.43  0.016755375224823163  5.486792087554932  5.882662773132324  -1.0 31.79206016181406 17.824277722266636 -0.01845628450602091
29  200304_182240  1267381378.6191406  HL  HL  0.28  0.006442298165065381  4.610526084899902  5.7255682945251465  -1.0 44.25924373588316 28.37772281875215 -0.06745897789600039
30  200310_090144  1267866122.7636719  HL  HL  0.43  0.01508284148392371  5.234753608703613  6.114300727844238  -1.0 11.904921576074708 6.052779282821844 0.004059359026278666
